44992
40520
40519
36973
41030
45635
32209
3514
19421
36972
23773
11567
21815
3764
671
34
3765
36967
36
28366
17918
4349
34559
25619
17888
4347
17715
28844
34133
25624
30747
17738
4051
20533
44995
35833
16683
9848
15681
39
33681
33844
43681
37284
25591
14654
41210
45668
28848
33470
35832
28850
17887
17317
43725
35827
4245
30745
28606
25625
17843
30746
41211
41429
41208
25617
2867
28374
33359
23913
29984
28846
38
28418
33362
2876
41415
22852
16680
40
16650
28710
25600
16678
41207
31796
24314
22853
42162
19198
37283
4247
16652
35826
25615
20185
23914
28363
11399
32925
35825
12005
33287
16275
16670
14798
24313
4312
19417
37268
33360
2872
2875
23917
36971
23919
34632
35
16643
16681
14950
30259
20509
2868
28419
28668
23918
25590
36522
16274
15729
15963
19295
15210
28659
17889
16679
9832
44993
16272
16682
15258
22544
44067
17559
28420
43929
9834
16671
18883
11993
28362
33818
4246
16673
14652
33361
3542
37274
2870
28758
37
31932
33468
14948
28665
16672
2871
15632
33472
14662
40357
31061
2869
20187
41206
10209
10222
14796
31059
17740
43719
31900
17736
20183
18881
19282
32923
16651
4348
41490
14550
10217
30310
29988
3689
41204
14542
15806
41203
30744
17920
10213
22546
3347
28661
29990
14690
16265
24312
41205
22456
14443
15290
40351
41493
28398
33842
21819
14534
34328
40695
37272
19191
3756
32921
16653
41459
16641
45589
19207
32957
33820
28397
2281
22430
24311
41456
11541
32953
22444
19208
25594
40572
41504
11987
14650
43694
15288
11978
11985
3344
31798
15150
46014
19419
638
30311
37030
20505
29986
44
645
32955
14814
41218
28422
14766
3345
25612
15895
3346
15282
15661
41201
43523
22440
28435
10216
31930
22436
4009
10208
40556
22548
10221
10212
13969
28444
26302
17720
16213
26374
28390
46050
32941
43925
2082
41220
15891
15010
33852
31928
31366
14670
17636
37967
33475
28393
19200
32951
14455
2589
14646
20189
28756
15594
40573
33454
28388
16648
20161
30488
11578
28421
31792
25598
15298
16605
20342
34562
24283
9840
14660
14698
12745
34828
16644
34489
41195
16669
14812
14385
3534
33465
21606
14792
46277
22428
45626
28399
37306
14794
15108
33076
37298
28391
32919
33577
28353
3898
10226
45595
37022
28432
37966
16603
11540
25596
25538
14548
33529
14459
15604
32949
9842
11995
15110
15148
25606
14540
15887
15810
19359
40559
28367
46015
35878
33527
45608
16668
18789
27174
31942
33619
16646
28392
2050
30377
20160
14648
14808
11963
33985
34317
15158
33539
28361
36966
24559
33157
31812
12743
40560
17960
4388
11957
12017
37173
45614
9836
15280
14762
31378
45621
2948
33620
20503
22124
15605
42215
16649
36854
14844
32339
16647
9838
14447
14788
25605
4345
31790
14451
10225
40557
19027
28389
26328
29637
16642
34590
25613
26448
33329
35894
4310
28385
2488
14453
15238
31794
25609
641
14668
21818
14688
28430
20125
28424
17930
37282
30378
11196
19301
20418
14546
33151
19335
37302
14728
32014
43718
33816
31053
45546
14782
45641
43935
28423
25621
32006
25608
19556
3828
45613
19550
24561
30993
2185
31169
33848
42522
11961
46016
24702
14678
31952
45601
24546
35892
15248
41507
28352
34656
41494
16273
14634
40693
12731
40692
34151
37965
3962
20419
45633
20207
27116
22535
4405
14790
21026
13261
3841
46003
41194
12023
11198
15286
24698
28754
32937
11186
644
41417
11989
19187
9943
14810
28439
3218
33840
28364
32939
22110
25614
43522
14846
17709
13216
40694
15766
35683
25894
9941
17722
9899
21024
14910
37296
41200
32309
45591
24638
11999
11539
14532
14238
41240
9942
11202
4292
12729
30021
43674
22291
14994
24690
28440
3544
40558
45596
45592
11971
22474
20700
15615
37631
19021
45480
19045
18698
41423
33513
14706
2456
26450
15094
17718
19315
21036
28272
43720
20414
25588
14676
14826
28425
2961
22112
12019
37174
45586
2048
25868
33153
25620
15669
22242
16004
14658
37585
29029
15673
37166
41241
37258
19231
43714
43712
42890
448
31876
643
14644
41428
21014
37281
37164
15146
33394
33393
23069
28365
45615
43707
14754
37304
15889
21611
40662
43709
45620
14784
19687
2929
37300
37170
25604
41411
14696
19281
20159
35891
44280
15296
43716
45012
30308
9830
15631
40691
22122
45617
42214
17928
23061
31944
14683
14268
33526
25601
20507
26088
18799
11538
14190
2348
41500
41239
3186
10190
2446
37310
41495
25603
16227
16666
12236
14978
3482
14258
34483
24548
32947
19416
28801
32458
12013
2195
15156
31870
14473
28429
4346
9491
34203
3082
31380
11178
21817
12021
15104
33983
16663
14755
16667
14998
25599
24557
22130
18829
45607
8517
16601
23055
28433
24688
33846
25622
11965
12032
40563
25602
28799
31167
21030
34595
30376
14603
28431
3119
29340
46024
14851
14538
14666
33381
2998
24663
16062
25592
37376
21018
41193
28813
37343
43521
37292
14248
33476
22778
41268
16639
12038
18831
34204
43726
15144
14990
21040
12747
24694
14498
17726
17500
45619
3239
12753
41067
43724
27535
20526
40564
28410
25593
18710
15792
14457
32935
15220
33285
14072
9828
2401
43520
11545
20411
44949
2969
23059
4308
37346
21802
18937
15058
11549
18945
41488
33838
15592
28387
43892
21010
15208
28288
21640
19288
17477
19727
37168
14720
19017
36910
519
3536
41427
40553
621
14674
43775
14656
17498
43729
626
31902
14664
41491
31360
14904
15106
2367
14463
19189
28437
1877
4097
28576
20353
3244
33377
18676
42209
14806
40561
25530
13937
20416
19739
40570
34653
14882
41255
30486
14786
14922
16640
20205
43882
21038
41202
3095
2399
2329
33618
41487
21022
40566
19284
42231
18819
639
15284
31884
44255
32311
28667
18708
2175
41425
2312
15198
11176
30309
14780
24692
19023
31724
45611
9846
14467
17912
32307
34802
14898
3546
15162
14642
46006
2205
14514
16248
21096
42208
28656
41254
19325
12034
16638
14417
45599
36915
19726
33836
37248
31125
17480
40670
43888
22760
33528
35886
14928
28396
2327
28427
2321
9956
43884
15965
20171
17922
32945
11554
14469
5839
2436
14389
43722
15278
35877
20186
11959
19722
21963
14765
15092
43928
13943
3057
35881
14830
20530
12735
21020
640
22559
28807
43910
14405
45556
22446
28411
14946
43927
17481
11558
41083
11577
40565
43878
