18
19
20
21
22
34
35
36
37
38
39
40
41
42
43
44
45
178
179
180
181
182
183
184
185
186
187
188
189
190
191
192
193
194
195
196
197
198
199
200
201
202
203
204
205
206
207
208
209
210
211
212
213
215
216
217
218
219
220
221
222
223
224
225
226
227
228
229
230
231
232
233
234
235
236
237
238
239
240
241
242
243
244
245
246
247
248
249
250
251
252
253
254
255
256
257
258
259
260
261
262
263
264
266
267
269
377
380
393
394
399
400
405
421
434
438
439
440
442
443
444
447
448
450
451
452
453
454
455
456
457
458
459
460
461
462
463
464
482
483
484
485
486
487
488
489
490
491
492
493
494
495
496
497
498
499
501
503
506
508
509
518
519
520
521
522
523
524
526
527
529
530
533
561
562
563
564
565
566
567
568
569
570
571
572
573
574
575
577
578
580
581
582
583
584
585
586
587
588
589
590
591
592
593
594
596
597
598
599
601
602
603
605
606
607
608
609
615
617
620
621
622
623
624
625
626
627
628
629
630
631
632
633
634
638
639
640
641
642
643
644
645
648
649
650
651
652
653
654
655
656
657
671
672
683
684
685
686
687
688
689
690
691
692
693
785
786
788
790
803
804
805
806
807
808
809
810
811
812
813
814
819
820
821
822
823
824
825
826
827
828
829
830
831
832
833
834
835
836
837
838
839
840
841
842
843
844
845
846
847
848
879
880
881
882
883
884
885
886
887
888
889
890
891
892
893
894
895
896
897
898
899
900
901
902
936
937
938
939
940
941
944
945
946
949
950
952
954
955
956
967
968
969
970
971
972
973
974
975
976
977
978
979
983
984
985
986
987
988
989
990
991
992
994
995
996
997
998
999
1010
1026
1032
1067
1072
1074
1075
1076
1079
1096
1099
1100
1102
1105
1106
1109
1112
1113
1114
1115
1116
1117
1118
1119
1120
1121
1122
1123
1124
1125
1126
1128
1129
1130
1131
1132
1133
1134
1135
1136
1137
1138
1139
1140
1141
1142
1143
1144
1145
1146
1147
1148
1149
1150
1151
1152
1153
1154
1155
1156
1157
1158
1159
1160
1161
1162
1163
1164
1165
1166
1167
1168
1169
1170
1171
1172
1173
1174
1175
1176
1177
1178
1179
1182
1183
1185
1186
1190
1192
1193
1195
1196
1197
1198
1201
1202
1204
1208
1210
1212
1214
1216
1218
1220
1221
1223
1224
1225
1226
1227
1228
1229
1230
1231
1232
1236
1240
1242
1244
1245
1246
1247
1248
1254
1255
1256
1262
1264
1265
1266
1272
1274
1275
1276
1282
1284
1285
1286
1292
1294
1295
1296
1302
1304
1305
1306
1315
1317
1318
1319
1333
1334
1335
1351
1353
1354
1355
1401
1403
1404
1405
1419
1422
1436
1445
1446
1447
1537
1539
1540
1541
1547
1548
1549
1551
1552
1553
1557
1558
1559
1563
1564
1565
1798
1800
1802
1804
1808
1809
1810
1811
1814
1815
1816
1817
1818
1819
1820
1821
1822
1823
1824
1825
1826
1827
1828
1829
1830
1831
1832
1833
1855
1875
1876
1877
1893
1944
1945
1948
1949
1951
1952
1955
1956
1957
1958
1963
1964
1968
1969
1973
1977
1978
1986
1987
1998
1999
2001
2006
2007
2008
2009
2018
2019
2020
2021
2024
2026
2027
2028
2029
2030
2031
2032
2034
2035
2036
2037
2038
2040
2041
2042
2043
2044
2046
2047
2048
2050
2053
2054
2055
2056
2057
2058
2059
2060
2061
2062
2073
2078
2082
2103
2104
2108
2109
2117
2161
2162
2173
2174
2175
2178
2180
2182
2183
2184
2185
2188
2193
2194
2195
2203
2204
2205
2254
2267
2268
2270
2272
2281
2286
2287
2288
2289
2290
2291
2292
2293
2294
2295
2296
2297
2299
2301
2303
2305
2306
2307
2308
2309
2310
2311
2312
2317
2319
2321
2327
2328
2329
2331
2332
2333
2341
2344
2345
2346
2348
2349
2351
2352
2354
2355
2358
2360
2361
2363
2364
2366
2367
2368
2369
2371
2373
2374
2375
2376
2377
2389
2390
2392
2393
2395
2396
2397
2398
2399
2400
2401
2403
2404
2406
2410
2420
2436
2444
2445
2446
2454
2455
2456
2463
2464
2465
2466
2476
2477
2478
2486
2487
2488
2495
2505
2506
2507
2508
2509
2510
2511
2512
2513
2514
2515
2516
2517
2524
2525
2529
2530
2531
2533
2534
2537
2538
2539
2545
2546
2547
2549
2550
2551
2553
2559
2563
2567
2571
2575
2589
2603
2604
2605
2613
2621
2629
2637
2647
2655
2679
2735
2736
2737
2739
2740
2741
2742
2743
2744
2745
2746
2747
2748
2750
2752
2755
2757
2759
2761
2763
2774
2775
2776
2777
2778
2779
2780
2781
2782
2783
2784
2785
2786
2787
2788
2789
2790
2791
2792
2793
2794
2795
2796
2797
2798
2799
2800
2801
2803
2804
2805
2806
2807
2808
2810
2811
2813
2814
2815
2816
2817
2819
2822
2823
2824
2825
2826
2827
2828
2829
2830
2833
2863
2865
2867
2868
2869
2870
2871
2872
2873
2875
2876
2881
2889
2897
2905
2913
2921
2929
2937
2945
2948
2953
2961
2969
2977
2985
2993
2998
3001
3009
3017
3025
3033
3039
3041
3049
3057
3065
3074
3077
3078
3079
3080
3081
3082
3084
3085
3086
3087
3088
3089
3090
3092
3093
3094
3095
3096
3097
3098
3100
3101
3102
3103
3104
3105
3106
3108
3109
3110
3111
3112
3113
3114
3116
3117
3118
3119
3120
3121
3122
3124
3125
3126
3127
3128
3129
3130
3132
3133
3134
3135
3136
3137
3138
3140
3141
3142
3143
3144
3145
3146
3148
3149
3150
3151
3152
3153
3154
3156
3157
3158
3159
3160
3161
3162
3164
3165
3166
3167
3168
3169
3170
3172
3173
3174
3175
3176
3177
3178
3180
3181
3182
3183
3184
3185
3186
3188
3189
3190
3191
3192
3193
3194
3195
3196
3197
3198
3199
3200
3201
3202
3203
3204
3205
3206
3207
3208
3209
3210
3211
3212
3213
3214
3215
3216
3217
3218
3220
3221
3222
3223
3224
3225
3226
3227
3228
3229
3230
3231
3232
3233
3234
3235
3236
3237
3238
3239
3240
3241
3242
3243
3244
3246
3247
3248
3249
3250
3251
3252
3253
3254
3255
3256
3257
3258
3262
3263
3264
3265
3266
3267
3268
3269
3270
3271
3272
3273
3274
3275
3276
3277
3278
3279
3280
3281
3282
3283
3284
3285
3287
3288
3289
3290
3291
3292
3293
3296
3297
3299
3300
3301
3302
3303
3304
3305
3306
3307
3308
3309
3310
3311
3312
3315
3316
3317
3318
3319
3320
3321
3322
3323
3324
3325
3326
3327
3328
3329
3330
3331
3332
3333
3334
3335
3336
3337
3338
3339
3340
3341
3342
3343
3344
3345
3346
3347
3348
3349
3350
3351
3352
3354
3355
3356
3357
3358
3359
3361
3363
3368
3373
3380
3385
3386
3387
3388
3389
3392
3393
3394
3395
3396
3397
3398
3400
3402
3403
3405
3406
3408
3409
3410
3411
3412
3413
3414
3415
3416
3417
3418
3419
3420
3421
3422
3423
3424
3425
3426
3427
3428
3429
3430
3431
3432
3433
3434
3435
3436
3437
3438
3439
3440
3441
3442
3443
3444
3446
3447
3449
3450
3451
3452
3453
3454
3455
3456
3465
3466
3467
3469
3470
3471
3474
3475
3476
3477
3478
3479
3481
3482
3488
3496
3504
3512
3514
3520
3528
3529
3530
3532
3534
3536
3538
3539
3540
3542
3544
3546
3550
3551
3552
3553
3554
3555
3556
3558
3559
3561
3563
3565
3566
3567
3568
3571
3573
3575
3576
3577
3578
3581
3586
3587
3588
3596
3597
3598
3606
3607
3608
3616
3617
3618
3643
3645
3647
3651
3653
3654
3655
3663
3664
3665
3673
3683
3685
3687
3689
3691
3693
3695
3697
3699
3703
3705
3707
3709
3711
3713
3715
3717
3719
3721
3723
3725
3727
3729
3731
3732
3756
3764
3765
3766
3767
3771
3773
3775
3777
3779
3806
3810
3812
3814
3818
3820
3822
3824
3826
3828
3829
3830
3831
3839
3840
3841
3887
3888
3893
3894
3895
3897
3898
3901
3907
3909
3913
3937
3938
3939
3941
3942
3943
3947
3948
3949
3953
3954
3955
3958
3962
3966
3977
3978
3979
3981
3982
3983
3986
3987
3988
3989
3992
3993
3994
3995
3997
3998
3999
4001
4002
4003
4004
4008
4009
4016
4018
4019
4020
4021
4022
4025
4027
4028
4033
4036
4046
4048
4051
4054
4057
4058
4059
4060
4061
4062
4063
4064
4065
4066
4067
4068
4075
4078
4085
4097
4098
4103
4105
4106
4112
4113
4119
4122
4124
4135
4136
4137
4138
4139
4140
4141
4142
4144
4147
4149
4150
4155
4156
4157
4158
4164
4165
4166
4167
4168
4169
4170
4171
4172
4178
4180
4188
4191
4192
4194
4195
4196
4198
4200
4212
4215
4216
4223
4225
4231
4232
4233
4234
4235
4236
4237
4238
4239
4240
4241
4242
4243
4244
4245
4246
4247
4248
4250
4252
4254
4256
4258
4260
4292
4294
4296
4299
4302
4305
4306
4307
4308
4309
4310
4311
4312
4313
4314
4315
4316
4345
4346
4347
4348
4349
4358
4363
4365
4366
4367
4368
4383
4385
4388
4391
4393
4394
4395
4396
4397
4398
4399
4401
4403
4405
4409
4411
4435
4471
4477
4529
4531
4533
4535
4569
4571
4573
4575
4609
4611
4613
4615
4787
4829
4831
4833
4835
4871
4955
4957
4959
4961
5007
5009
5011
5013
5047
5049
5051
5053
5087
5089
5091
5093
5137
5141
5175
5177
5179
5181
5215
5217
5219
5221
5233
5239
5245
5279
5281
5282
5299
5301
5302
5319
5320
5321
5322
5339
5340
5342
5361
5363
5365
5399
5403
5405
5439
5443
5445
5493
5533
5599
5631
5647
5649
5683
5693
5697
5719
5721
5723
5743
5745
5747
5755
5757
5759
5839
5849
5865
5867
5869
5871
5933
5945
5955
5971
5973
5975
6001
6003
6005
6047
6073
6131
6135
6159
6160
6173
6176
6296
6325
6437
6439
6441
6443
6485
6527
6569
6631
6633
6635
6637
6671
6673
6675
6677
6715
6717
6719
6721
6757
6759
6761
6763
6805
6807
6809
6811
6859
6861
6863
6865
6919
6921
6923
6925
6959
6961
6963
6965
6999
7001
7003
7005
7043
7045
7047
7049
7083
7085
7087
7089
7123
7125
7127
7131
7167
7169
7171
7173
7247
7249
7251
7253
7287
7289
7291
7293
7327
7329
7331
7333
7367
7369
7371
7373
7407
7409
7411
7413
7447
7449
7451
7453
7487
7489
7491
7493
7535
7537
7539
7541
7579
7581
7583
7585
7619
7621
7623
7625
7663
7665
7667
7669
7703
7705
7707
7709
7743
7745
7747
7749
7783
7785
7787
7789
7827
7829
7831
7833
7997
8001
8007
8023
8025
8027
8089
8091
8101
8103
8105
8113
8115
8117
8133
8135
8175
8177
8225
8263
8295
8297
8335
8337
8419
8427
8433
8517
8521
8529
8531
8535
8537
8579
8583
8585
8635
8639
8641
8748
8759
8785
8787
8789
8815
8817
8819
8821
8863
8865
8867
8869
8903
8905
8907
8909
9071
9073
9091
9093
9127
9129
9131
9133
9135
9137
9139
9141
9207
9209
9211
9213
9247
9249
9251
9253
9287
9289
9291
9293
9327
9329
9331
9333
9367
9369
9371
9377
9411
9413
9415
9417
9451
9453
9455
9457
9491
9493
9495
9497
9521
9556
9562
9566
9568
9570
9574
9580
9582
9608
9622
9632
9646
9660
9668
9670
9678
9680
9702
9706
9728
9734
9744
9750
9762
9772
9784
9790
9800
9808
9826
9828
9830
9832
9834
9836
9838
9840
9842
9844
9846
9848
9850
9852
9899
9941
9942
9943
9944
9945
9947
9950
9956
9957
10039
10040
10151
10152
10155
10156
10164
10165
10166
10188
10190
10204
10208
10209
10212
10213
10216
10217
10221
10222
10225
10226
10228
10244
10246
10247
10250
10629
10630
10631
10678
10679
10680
10688
10690
10692
10694
10836
10837
10838
10839
10840
10841
10842
10850
10858
10866
10868
10870
10872
10874
10876
10878
10880
10882
10884
10886
10888
10998
11082
11083
11084
11105
11129
11130
11132
11133
11134
11135
11172
11174
11176
11178
11182
11184
11186
11188
11190
11192
11194
11196
11198
11200
11202
11207
11215
11217
11218
11219
11225
11227
11228
11229
11235
11237
11238
11239
11245
11247
11248
11249
11255
11257
11258
11259
11265
11267
11268
11269
11277
11278
11279
11280
11283
11284
11285
11286
11287
11288
11289
11290
11293
11294
11295
11296
11297
11298
11299
11300
11301
11302
11303
11304
11305
11306
11309
11311
11317
11319
11325
11327
11341
11343
11349
11351
11355
11356
11357
11358
11359
11360
11365
11370
11371
11377
11379
11381
11387
11393
11395
11396
11399
11400
11433
11441
11442
11443
11444
11445
11446
11447
11448
11449
11450
11451
11452
11453
11454
11455
11457
11458
11459
11460
11461
11462
11463
11464
11465
11466
11467
11475
11476
11478
11481
11482
11483
11484
11486
11488
11489
11496
11529
11530
11531
11532
11533
11534
11535
11536
11537
11538
11539
11540
11541
11542
11543
11544
11545
11547
11548
11549
11550
11551
11552
11553
11554
11555
11556
11557
11558
11561
11562
11563
11564
11566
11567
11569
11572
11574
11577
11578
11579
11584
11585
11588
11612
11613
11614
11616
11617
11619
11620
11621
11628
11629
11630
11631
11632
11634
11640
11642
11644
11646
11648
11688
11689
11690
11691
11692
11693
11694
11695
11724
11725
11732
11733
11734
11735
11736
11737
11738
11739
11740
11741
11746
11798
11803
11855
11857
11859
11870
11872
11873
11876
11877
11878
11879
11880
11881
11882
11883
11884
11885
11886
11887
11889
11890
11891
11944
11957
11959
11961
11963
11965
11969
11971
11978
11985
11987
11989
11993
11995
11999
12003
12005
12011
12013
12015
12017
12019
12021
12023
12032
12034
12038
12042
12044
12049
12052
12053
12054
12055
12056
12057
12058
12066
12067
12068
12076
12084
12092
12093
12095
12096
12098
12102
12108
12109
12110
12179
12180
12181
12182
12183
12184
12185
12186
12187
12188
12189
12190
12191
12192
12193
12194
12195
12196
12198
12199
12200
12201
12202
12203
12204
12205
12206
12207
12208
12209
12210
12211
12212
12213
12214
12215
12217
12218
12219
12220
12221
12223
12225
12226
12235
12236
12237
12238
12239
12241
12243
12250
12257
12258
12259
12261
12262
12263
12265
12266
12267
12269
12270
12271
12274
12275
12297
12300
12301
12302
12304
12305
12344
12345
12346
12354
12355
12356
12365
12366
12367
12441
12442
12478
12484
12485
12486
12487
12528
12529
12530
12531
12532
12533
12534
12535
12536
12537
12538
12539
12540
12541
12542
12543
12544
12545
12546
12547
12548
12549
12550
12551
12557
12559
12563
12565
12608
12612
12614
12618
12620
12625
12631
12633
12709
12710
12729
12731
12733
12735
12743
12745
12747
12753
12761
12765
12767
12771
12773
12775
12777
12779
12785
12787
12789
12791
12801
12803
12805
12807
12814
12816
12818
12820
12822
12824
12826
12828
12836
12865
12994
13000
13001
13003
13119
13166
13209
13216
13217
13218
13219
13220
13221
13222
13223
13224
13225
13226
13227
13228
13229
13230
13231
13232
13233
13234
13235
13236
13237
13238
13239
13240
13241
13242
13243
13244
13245
13246
13247
13248
13249
13250
13251
13252
13253
13254
13255
13256
13257
13258
13259
13260
13261
13262
13263
13265
13267
13278
13279
13283
13284
13285
13286
13287
13320
13321
13773
13774
13775
13776
13777
13778
13779
13780
13781
13782
13783
13784
13785
13786
13787
13788
13791
13793
13795
13797
13799
13801
13803
13805
13807
13809
13811
13813
13815
13817
13819
13820
13821
13822
13823
13824
13825
13826
13827
13828
13829
13830
13831
13832
13833
13834
13856
13864
13865
13866
13867
13868
13870
13872
13873
13874
13876
13878
13879
13880
13881
13882
13883
13884
13885
13886
13887
13888
13889
13890
13891
13892
13893
13894
13918
13919
13920
13921
13922
13923
13924
13925
13926
13927
13929
13931
13933
13935
13937
13939
13941
13943
13945
13947
13948
13949
13950
13951
13952
13953
13954
13955
13956
13957
13958
13959
13960
13963
13964
13965
13966
13967
13968
13969
13970
13972
13974
13976
13978
13980
13982
13984
13986
13988
13990
13992
13994
13995
13996
13997
13998
13999
14001
14003
14005
14007
14009
14011
14013
14015
14017
14019
14021
14023
14025
14027
14029
14031
14033
14035
14037
14039
14041
14043
14045
14047
14049
14051
14053
14055
14057
14059
14061
14063
14065
14067
14068
14069
14070
14072
14074
14076
14078
14080
14082
14084
14086
14088
14090
14092
14094
14096
14098
14100
14102
14104
14106
14108
14110
14112
14114
14116
14118
14120
14122
14124
14126
14127
14128
14130
14132
14134
14136
14138
14140
14142
14144
14146
14148
14150
14152
14154
14156
14158
14160
14162
14164
14166
14168
14170
14172
14174
14176
14178
14180
14182
14184
14186
14188
14190
14192
14194
14200
14202
14204
14206
14208
14210
14212
14214
14218
14220
14222
14226
14228
14230
14232
14234
14236
14238
14240
14242
14244
14246
14248
14250
14252
14254
14256
14258
14260
14262
14264
14266
14268
14270
14272
14274
14276
14278
14280
14282
14284
14286
14292
14295
14296
14297
14298
14299
14343
14358
14375
14377
14379
14381
14383
14385
14387
14389
14391
14393
14395
14397
14399
14401
14403
14405
14407
14409
14411
14413
14417
14419
14421
14423
14425
14427
14429
14431
14433
14435
14437
14439
14441
14443
14445
14447
14449
14451
14453
14455
14457
14459
14461
14463
14465
14467
14469
14471
14473
14475
14484
14486
14488
14490
14492
14494
14496
14498
14500
14502
14504
14506
14508
14510
14512
14514
14516
14518
14520
14522
14524
14525
14526
14527
14528
14530
14532
14534
14536
14538
14540
14542
14544
14546
14548
14550
14552
14554
14556
14560
14564
14568
14572
14576
14580
14588
14592
14597
14599
14601
14603
14606
14610
14614
14622
14626
14630
14634
14636
14638
14640
14642
14644
14646
14648
14650
14652
14654
14656
14658
14660
14662
14664
14666
14668
14670
14672
14674
14676
14678
14680
14681
14682
14683
14684
14686
14688
14690
14692
14694
14696
14698
14700
14701
14702
14703
14704
14705
14706
14707
14708
14710
14712
14714
14716
14718
14720
14722
14724
14726
14728
14730
14732
14734
14736
14738
14740
14742
14744
14746
14748
14749
14750
14751
14752
14753
14754
14755
14756
14757
14758
14759
14760
14761
14762
14763
14764
14765
14766
14768
14770
14772
14774
14776
14778
14780
14782
14784
14786
14788
14790
14792
14794
14796
14798
14800
14802
14804
14806
14808
14810
14812
14814
14816
14818
14820
14822
14824
14826
14828
14830
14832
14834
14836
14838
14840
14842
14844
14846
14848
14849
14850
14851
14852
14853
14854
14855
14856
14858
14860
14862
14864
14866
14868
14870
14872
14874
14876
14878
14880
14882
14884
14886
14888
14890
14892
14894
14896
14898
14900
14902
14904
14906
14908
14910
14912
14914
14916
14918
14920
14922
14924
14926
14928
14930
14932
14934
14936
14938
14940
14942
14944
14946
14948
14950
14952
14954
14956
14958
14960
14962
14964
14966
14968
14970
14972
14974
14976
14978
14980
14982
14984
14986
14988
14990
14992
14994
14996
14998
15000
15002
15004
15006
15008
15010
15012
15014
15016
15018
15020
15022
15024
15026
15028
15030
15032
15034
15036
15038
15042
15044
15046
15048
15050
15052
15054
15056
15058
15060
15062
15064
15066
15068
15070
15072
15074
15076
15078
15080
15082
15084
15086
15088
15090
15092
15094
15096
15098
15100
15102
15104
15106
15108
15110
15112
15114
15116
15118
15120
15122
15124
15126
15128
15130
15132
15134
15136
15138
15140
15142
15144
15146
15148
15150
15152
15154
15156
15158
15160
15161
15162
15163
15164
15166
15168
15170
15172
15174
15176
15178
15180
15182
15184
15186
15188
15190
15192
15194
15196
15198
15200
15202
15204
15206
15208
15210
15212
15214
15216
15218
15220
15222
15224
15226
15228
15230
15232
15234
15236
15238
15240
15242
15244
15246
15248
15250
15252
15254
15256
15258
15260
15262
15264
15266
15268
15270
15272
15274
15276
15278
15280
15282
15284
15286
15288
15290
15292
15294
15296
15298
15300
15302
15304
15306
15308
15310
15312
15314
15316
15317
15331
15353
15410
15457
15458
15459
15460
15461
15462
15463
15464
15465
15466
15477
15478
15479
15480
15508
15509
15510
15511
15587
15588
15589
15590
15591
15592
15593
15594
15596
15597
15598
15599
15600
15601
15602
15604
15605
15607
15608
15609
15610
15611
15612
15613
15614
15615
15617
15618
15619
15620
15621
15622
15623
15625
15626
15627
15628
15629
15630
15631
15632
15634
15635
15636
15637
15638
15640
15641
15642
15643
15646
15647
15648
15649
15650
15653
15654
15655
15656
15657
15659
15660
15661
15662
15663
15664
15666
15667
15668
15669
15670
15671
15672
15673
15674
15675
15677
15681
15683
15685
15687
15689
15691
15693
15695
15697
15699
15701
15703
15705
15707
15709
15711
15713
15715
15717
15719
15721
15723
15725
15727
15729
15731
15733
15735
15737
15739
15741
15742
15743
15744
15745
15746
15747
15749
15751
15753
15755
15757
15759
15761
15764
15766
15768
15770
15772
15776
15778
15780
15784
15786
15788
15790
15792
15794
15796
15798
15800
15802
15804
15806
15808
15810
15812
15813
15814
15815
15816
15817
15818
15820
15821
15823
15824
15825
15826
15827
15828
15829
15830
15831
15832
15834
15835
15836
15837
15838
15840
15841
15843
15844
15845
15847
15848
15849
15850
15851
15852
15854
15855
15858
15859
15860
15861
15862
15863
15864
15865
15866
15867
15868
15869
15870
15871
15872
15873
15874
15877
15879
15881
15883
15885
15887
15889
15891
15893
15895
15897
15898
15899
15900
15901
15902
15903
15904
15905
15907
15909
15911
15913
15915
15917
15919
15921
15923
15925
15929
15931
15935
15937
15939
15945
15947
15949
15953
15955
15957
15961
15963
15965
15967
15979
15980
15981
15992
15993
15994
15996
15997
15998
15999
16000
16001
16002
16003
16004
16005
16006
16008
16009
16046
16047
16048
16049
16050
16051
16052
16053
16054
16055
16056
16057
16059
16060
16061
16062
16064
16065
16067
16068
16069
16118
16119
16120
16121
16122
16123
16124
16125
16126
16179
16180
16181
16182
16183
16184
16185
16186
16187
16188
16189
16213
16214
16216
16220
16221
16227
16228
16229
16230
16231
16232
16233
16234
16236
16237
16238
16239
16240
16241
16242
16243
16245
16246
16247
16248
16249
16262
16263
16264
16265
16266
16267
16268
16269
16272
16273
16274
16275
16278
16279
16281
16297
16299
16301
16303
16305
16307
16309
16311
16313
16315
16317
16319
16321
16323
16325
16327
16329
16331
16333
16335
16337
16339
16341
16343
16345
16347
16349
16351
16353
16355
16357
16359
16361
16363
16365
16367
16369
16371
16373
16375
16377
16379
16381
16383
16385
16387
16389
16391
16393
16395
16397
16399
16401
16403
16405
16407
16409
16411
16413
16415
16417
16419
16421
16423
16425
16427
16429
16431
16433
16435
16439
16441
16443
16447
16449
16451
16455
16457
16467
16469
16475
16477
16481
16483
16485
16487
16489
16491
16493
16495
16497
16499
16505
16507
16513
16515
16517
16519
16521
16523
16525
16527
16529
16531
16533
16535
16537
16591
16594
16595
16596
16597
16598
16599
16601
16603
16605
16617
16622
16631
16633
16634
16635
16636
16637
16638
16639
16640
16641
16642
16643
16644
16646
16647
16648
16649
16650
16651
16652
16653
16654
16655
16656
16657
16658
16659
16660
16661
16662
16663
16664
16665
16666
16667
16668
16669
16670
16671
16672
16673
16678
16679
16680
16681
16682
16683
16688
16689
16690
16691
16692
16694
16696
16697
16868
16869
17136
17143
17167
17168
17174
17175
17176
17177
17178
17180
17181
17182
17184
17185
17186
17187
17190
17192
17194
17196
17199
17200
17201
17202
17203
17204
17205
17206
17207
17208
17209
17210
17211
17212
17213
17214
17215
17216
17217
17218
17219
17220
17221
17222
17223
17224
17226
17227
17229
17230
17231
17232
17233
17234
17235
17237
17238
17239
17240
17241
17242
17243
17244
17245
17248
17249
17250
17251
17252
17253
17254
17255
17256
17258
17259
17260
17261
17262
17263
17264
17266
17267
17269
17270
17271
17272
17287
17288
17289
17290
17291
17292
17293
17294
17295
17296
17297
17298
17299
17300
17301
17302
17303
17304
17305
17306
17317
17322
17323
17324
17325
17326
17327
17328
17329
17330
17331
17332
17333
17334
17335
17336
17337
17338
17339
17340
17341
17342
17344
17345
17346
17347
17348
17349
17350
17351
17352
17353
17354
17355
17356
17357
17359
17363
17364
17365
17366
17367
17368
17392
17402
17403
17404
17406
17407
17408
17423
17424
17425
17426
17428
17429
17432
17433
17436
17437
17440
17441
17444
17445
17448
17449
17452
17453
17455
17456
17459
17460
17463
17464
17466
17467
17470
17471
17476
17477
17478
17479
17480
17481
17482
17483
17484
17485
17487
17488
17490
17491
17492
17494
17495
17496
17497
17498
17499
17500
17502
17504
17506
17508
17510
17512
17514
17516
17518
17520
17526
17528
17536
17538
17540
17542
17544
17546
17547
17548
17549
17551
17553
17555
17557
17559
17619
17621
17623
17624
17630
17634
17636
17643
17646
17647
17648
17649
17650
17651
17652
17653
17654
17655
17656
17657
17658
17659
17660
17661
17662
17663
17664
17665
17666
17667
17668
17669
17670
17671
17672
17673
17674
17675
17676
17677
17678
17679
17680
17681
17682
17683
17684
17685
17686
17687
17688
17689
17690
17691
17692
17693
17694
17695
17703
17709
17713
17715
17718
17720
17722
17726
17728
17732
17736
17738
17740
17743
17755
17765
17767
17769
17770
17771
17772
17773
17791
17793
17794
17795
17796
17812
17814
17815
17816
17817
17832
17834
17836
17838
17840
17841
17843
17848
17849
17850
17857
17858
17859
17860
17861
17862
17863
17864
17865
17866
17867
17868
17869
17870
17871
17887
17888
17889
17893
17894
17895
17897
17898
17912
17918
17920
17922
17924
17926
17928
17930
17932
17938
17939
17940
17941
17942
17943
17944
17945
17946
17947
17948
17949
17950
17951
17952
17953
17954
17955
17956
17957
17958
17959
17960
17961
17962
17963
17964
17965
17966
17967
17968
17969
17970
17971
17972
17975
17976
17977
17978
17982
17999
18025
18029
18036
18037
18038
18039
18040
18041
18042
18043
18044
18045
18046
18047
18048
18049
18050
18051
18052
18053
18054
18055
18056
18057
18058
18059
18060
18061
18062
18063
18064
18065
18066
18067
18068
18580
18590
18592
18594
18596
18598
18600
18602
18604
18606
18608
18610
18612
18614
18616
18618
18624
18626
18635
18637
18639
18640
18655
18657
18658
18660
18662
18664
18666
18668
18670
18672
18674
18676
18679
18680
18682
18684
18686
18688
18690
18692
18694
18696
18698
18700
18702
18704
18706
18708
18710
18712
18714
18716
18718
18720
18722
18724
18726
18728
18730
18740
18742
18744
18746
18748
18750
18752
18754
18756
18758
18760
18762
18764
18766
18768
18770
18772
18775
18777
18779
18781
18783
18785
18787
18789
18791
18793
18795
18797
18799
18801
18803
18805
18807
18809
18811
18813
18815
18817
18819
18821
18823
18825
18827
18829
18831
18833
18835
18837
18839
18841
18843
18845
18847
18849
18851
18853
18855
18857
18859
18861
18863
18865
18867
18869
18871
18873
18875
18877
18879
18881
18883
18885
18887
18889
18891
18893
18895
18897
18899
18901
18903
18905
18907
18909
18911
18913
18915
18917
18919
18921
18923
18925
18927
18929
18931
18933
18935
18937
18939
18941
18943
18945
18947
18949
18951
18953
18955
18957
18959
18961
18963
18965
18967
18969
18971
18973
18975
18977
18979
18981
18983
18985
18987
18989
18991
18999
19001
19003
19005
19007
19009
19011
19013
19015
19017
19019
19021
19023
19025
19027
19029
19031
19033
19035
19036
19037
19038
19039
19040
19041
19042
19043
19044
19045
19046
19047
19049
19051
19053
19055
19057
19065
19067
19069
19071
19073
19075
19077
19079
19081
19083
19085
19087
19101
19103
19105
19107
19109
19111
19113
19115
19117
19119
19129
19131
19133
19135
19137
19139
19141
19143
19145
19147
19149
19151
19169
19171
19173
19175
19177
19179
19181
19183
19185
19187
19189
19191
19193
19194
19195
19196
19197
19198
19199
19200
19201
19202
19203
19204
19205
19206
19207
19208
19209
19211
19213
19215
19217
19219
19221
19223
19225
19227
19229
19231
19233
19235
19237
19239
19241
19243
19245
19247
19249
19251
19253
19255
19257
19258
19259
19260
19261
19262
19263
19264
19265
19266
19267
19268
19269
19270
19271
19272
19273
19274
19275
19276
19277
19278
19279
19280
19281
19282
19283
19284
19285
19286
19287
19288
19289
19293
19295
19297
19299
19301
19303
19311
19313
19315
19317
19319
19321
19323
19325
19327
19329
19335
19337
19339
19341
19343
19345
19347
19349
19351
19353
19359
19361
19363
19398
19400
19401
19402
19403
19404
19405
19406
19407
19408
19409
19410
19411
19412
19413
19414
19415
19416
19417
19418
19419
19420
19421
19422
19461
19470
19500
19534
19535
19536
19537
19538
19539
19540
19547
19548
19549
19550
19551
19553
19554
19555
19556
19658
19660
19663
19684
19685
19686
19687
19688
19689
19690
19691
19692
19693
19694
19695
19696
19697
19698
19699
19700
19719
19720
19721
19722
19723
19724
19725
19726
19727
19739
19744
19745
19759
19760
19761
19766
19767
19806
19810
19812
19814
19921
19922
19923
19925
19927
19929
19931
19935
19937
19939
19942
19944
19946
19948
19950
19952
19962
19964
19966
19968
19970
19972
19974
19976
19978
19980
19982
19984
19986
19988
19990
19992
19994
19996
19998
20000
20002
20004
20006
20008
20010
20012
20014
20016
20018
20020
20022
20024
20026
20028
20030
20032
20034
20036
20038
20040
20043
20045
20047
20049
20051
20053
20055
20057
20059
20060
20061
20062
20063
20064
20065
20066
20110
20114
20115
20121
20125
20138
20157
20158
20159
20160
20161
20171
20172
20175
20183
20184
20185
20186
20187
20188
20189
20190
20199
20201
20203
20205
20207
20209
20210
20211
20212
20213
20280
20281
20306
20307
20308
20312
20314
20315
20327
20342
20345
20347
20349
20351
20353
20358
20371
20410
20411
20412
20413
20414
20415
20416
20417
20418
20419
20420
20421
20423
20424
20425
20433
20443
20444
20445
20446
20447
20448
20449
20450
20451
20452
20453
20454
20455
20494
20495
20498
20499
20500
20501
20502
20503
20504
20505
20506
20507
20508
20509
20524
20525
20526
20527
20528
20530
20531
20532
20533
20539
20540
20555
20557
20559
20561
20563
20565
20567
20569
20573
20575
20577
20579
20581
20587
20589
20591
20593
20595
20597
20599
20601
20603
20605
20607
20609
20611
20613
20617
20619
20621
20623
20625
20627
20629
20631
20633
20635
20637
20639
20641
20700
20701
20702
20703
20704
20721
20723
20725
20727
20729
20731
20733
20735
20737
20739
20741
20743
20745
20747
20749
20751
20753
20755
20757
20759
20761
20763
20765
20767
20769
20771
20773
20775
20777
20779
20781
20783
20785
20787
20789
20791
20793
20795
20797
20799
20805
20817
20819
20821
20823
20825
20827
20829
20831
20833
20835
20837
20839
20841
20843
20845
20847
20849
20851
20853
20855
20857
20859
20861
20863
20865
20867
20869
20871
20873
20875
20877
20879
20881
20883
20885
20887
20889
20891
20893
20895
20913
20915
20917
20919
20921
20923
20925
20927
20929
20931
20933
20935
20937
20939
20941
20943
20945
20947
20949
20951
20953
20955
20957
20959
20961
20963
20965
20967
20969
20971
20973
20975
20977
20979
20981
20983
20985
20987
20989
20991
21009
21010
21011
21012
21013
21014
21017
21018
21019
21020
21021
21022
21023
21024
21025
21026
21027
21028
21029
21030
21035
21036
21037
21038
21039
21040
21041
21042
21059
21071
21073
21074
21075
21076
21077
21078
21079
21080
21081
21082
21084
21085
21086
21087
21088
21089
21096
21097
21194
21196
21198
21200
21202
21204
21206
21208
21210
21212
21214
21216
21218
21220
21222
21224
21226
21228
21230
21232
21234
21236
21238
21240
21242
21244
21246
21248
21250
21252
21254
21256
21258
21260
21262
21264
21266
21268
21270
21272
21274
21276
21278
21280
21282
21284
21286
21288
21290
21292
21294
21296
21298
21300
21320
21322
21324
21326
21328
21330
21332
21334
21336
21338
21340
21342
21344
21346
21348
21350
21352
21354
21356
21358
21360
21362
21364
21366
21368
21370
21372
21374
21376
21378
21380
21382
21384
21386
21388
21390
21392
21394
21396
21398
21400
21402
21404
21406
21408
21410
21412
21414
21416
21418
21420
21422
21424
21426
21428
21430
21450
21470
21472
21474
21476
21478
21480
21484
21486
21491
21493
21496
21498
21500
21504
21506
21508
21510
21512
21527
21534
21536
21538
21540
21542
21547
21549
21551
21553
21555
21557
21559
21561
21568
21569
21570
21571
21572
21584
21585
21586
21587
21588
21589
21590
21591
21592
21593
21594
21595
21596
21603
21604
21606
21610
21611
21628
21638
21640
21666
21667
21668
21718
21719
21720
21721
21722
21723
21724
21725
21726
21727
21728
21729
21730
21731
21732
21733
21740
21789
21790
21791
21802
21803
21815
21816
21817
21818
21819
21841
21853
21855
21857
21867
21868
21888
21889
21890
21894
21896
21898
21900
21902
21904
21906
21908
21910
21912
21914
21916
21918
21920
21922
21924
21926
21928
21931
21933
21935
21937
21939
21941
21947
21948
21949
21950
21951
21952
21953
21954
21955
21956
21957
21958
21959
21960
21961
21962
21963
21964
21965
21966
21967
21968
21969
21970
22043
22107
22108
22109
22110
22111
22112
22113
22114
22115
22116
22117
22118
22119
22120
22121
22122
22123
22124
22125
22126
22127
22128
22129
22130
22131
22133
22134
22135
22136
22137
22175
22176
22177
22178
22229
22242
22291
22428
22430
22436
22440
22442
22444
22446
22448
22452
22456
22460
22464
22466
22468
22470
22474
22534
22535
22536
22541
22542
22543
22544
22546
22548
22551
22552
22559
22570
22571
22572
22573
22576
22577
22578
22611
22613
22615
22619
22621
22623
22634
22760
22761
22765
22766
22778
22779
22782
22783
22806
22807
22808
22809
22852
22853
22875
22877
22879
22881
22883
22889
22891
22895
22899
22901
22905
22907
22909
22911
22913
22915
22919
22925
22929
22931
22933
22937
22945
22947
22949
22953
22961
22963
22965
22967
22969
22971
22973
22975
22977
22979
22981
22983
22985
22987
22989
22991
22993
22995
22997
22999
23001
23003
23005
23007
23009
23011
23013
23015
23017
23019
23021
23023
23025
23027
23029
23031
23033
23035
23037
23039
23041
23043
23045
23047
23049
23051
23053
23055
23056
23057
23058
23059
23060
23061
23062
23069
23071
23073
23075
23077
23079
23081
23083
23085
23087
23089
23091
23093
23095
23097
23099
23101
23103
23105
23107
23109
23111
23113
23115
23117
23119
23121
23123
23124
23128
23129
23130
23131
23132
23133
23134
23135
23136
23137
23138
23139
23140
23141
23142
23143
23144
23145
23146
23147
23148
23149
23150
23151
23152
23153
23154
23155
23156
23157
23158
23159
23160
23161
23162
23163
23164
23165
23166
23167
23168
23169
23170
23171
23172
23173
23174
23175
23176
23177
23416
23418
23473
23474
23506
23507
23510
23511
23512
23513
23523
23524
23525
23526
23527
23528
23533
23534
23536
23537
23559
23560
23561
23562
23563
23564
23566
23594
23606
23618
23659
23660
23674
23702
23703
23705
23706
23707
23708
23709
23710
23711
23712
23713
23714
23715
23716
23717
23718
23719
23720
23721
23722
23723
23724
23725
23726
23727
23728
23729
23730
23731
23732
23735
23736
23757
23758
23773
23783
23785
23787
23789
23791
23793
23795
23797
23799
23801
23803
23805
23807
23809
23811
23813
23815
23817
23819
23821
23824
23829
23834
23836
23838
23840
23842
23844
23846
23848
23850
23852
23854
23856
23864
23866
23868
23894
23896
23898
23902
23911
23912
23913
23914
23915
23916
23917
23918
23919
23950
23953
23954
24241
24242
24268
24270
24283
24284
24305
24311
24312
24313
24314
24348
24349
24395
24396
24417
24427
24438
24443
24445
24471
24473
24475
24477
24478
24479
24483
24484
24486
24488
24490
24492
24493
24494
24495
24497
24499
24501
24503
24505
24507
24509
24511
24513
24515
24517
24519
24521
24523
24525
24527
24529
24531
24533
24535
24537
24539
24541
24545
24546
24547
24548
24549
24550
24551
24552
24553
24554
24555
24556
24557
24558
24559
24560
24561
24562
24563
24567
24568
24569
24570
24571
24572
24574
24575
24592
24593
24594
24595
24596
24597
24606
24613
24624
24625
24632
24636
24637
24638
24639
24640
24641
24642
24644
24645
24646
24653
24654
24655
24656
24657
24658
24659
24660
24663
24669
24684
24688
24689
24690
24691
24692
24693
24694
24695
24696
24697
24698
24699
24700
24701
24702
24703
24764
25233
25235
25237
25239
25240
25241
25242
25243
25251
25252
25266
25267
25268
25270
25271
25273
25274
25275
25276
25277
25278
25279
25280
25282
25283
25284
25285
25286
25287
25288
25289
25290
25291
25292
25293
25294
25295
25296
25297
25298
25299
25300
25301
25302
25305
25330
25331
25332
25333
25334
25335
25336
25337
25338
25339
25340
25341
25342
25343
25344
25345
25346
25347
25348
25349
25530
25538
25540
25542
25544
25545
25546
25547
25548
25561
25562
25563
25565
25567
25569
25571
25588
25589
25590
25591
25592
25593
25594
25595
25596
25597
25598
25599
25600
25601
25602
25603
25604
25605
25606
25607
25608
25609
25610
25611
25612
25613
25614
25615
25616
25617
25618
25619
25620
25621
25622
25623
25624
25625
25707
25709
25711
25713
25715
25718
25719
25736
25737
25739
25810
25811
25812
25821
25861
25862
25863
25867
25868
25887
25888
25889
25890
25891
25892
25893
25894
25895
25896
25897
25898
25899
25900
25901
25902
25903
25906
25907
25908
25909
25910
25911
25912
25913
25914
25915
25916
25917
25918
25919
25920
25921
25924
25925
25928
25929
25930
25931
25932
25933
25934
25935
25936
25937
25948
25949
25950
25951
25952
25953
25954
25955
25956
25957
25968
25969
25970
25971
25972
25973
25974
25975
25976
25977
25978
25979
25980
25981
25996
25997
25998
25999
26000
26001
26002
26003
26004
26005
26006
26007
26008
26009
26016
26017
26020
26021
26022
26023
26026
26027
26028
26029
26030
26031
26038
26039
26040
26041
26042
26043
26046
26047
26048
26049
26056
26057
26058
26059
26060
26061
26062
26063
26066
26067
26068
26069
26070
26071
26072
26073
26076
26077
26078
26079
26080
26081
26082
26083
26084
26085
26086
26087
26088
26089
26090
26091
26096
26097
26100
26101
26102
26103
26104
26105
26106
26107
26108
26109
26110
26111
26112
26113
26224
26252
26253
26254
26255
26256
26257
26258
26259
26260
26261
26286
26288
26290
26292
26294
26296
26298
26300
26302
26304
26306
26308
26310
26312
26318
26320
26322
26324
26326
26328
26330
26332
26334
26338
26340
26342
26344
26346
26348
26350
26352
26354
26356
26358
26360
26362
26364
26366
26368
26370
26372
26374
26376
26378
26380
26382
26384
26386
26388
26390
26392
26394
26396
26398
26400
26402
26404
26406
26412
26414
26416
26418
26420
26424
26428
26430
26432
26434
26436
26438
26440
26442
26444
26446
26448
26450
26452
26759
26760
26761
26762
26888
26890
26892
26902
26912
26913
26914
26929
26930
26931
27015
27064
27065
27066
27068
27069
27070
27071
27072
27073
27074
27075
27076
27077
27078
27079
27080
27081
27082
27083
27084
27085
27086
27087
27088
27089
27090
27091
27092
27093
27094
27095
27096
27097
27098
27099
27100
27101
27102
27103
27104
27105
27106
27107
27108
27109
27110
27111
27112
27113
27114
27115
27116
27117
27118
27119
27120
27121
27122
27123
27124
27125
27126
27127
27128
27129
27130
27131
27142
27143
27147
27148
27149
27150
27151
27167
27169
27170
27171
27174
27175
27176
27177
27178
27179
27180
27181
27182
27184
27185
27186
27187
27188
27190
27191
27192
27193
27194
27195
27196
27197
27198
27224
27225
27226
27227
27229
27230
27231
27232
27233
27234
27235
27236
27237
27238
27239
27240
27243
27244
27245
27246
27247
27249
27250
27251
27252
27253
27254
27255
27256
27257
27258
27259
27260
27309
27313
27315
27317
27319
27321
27323
27325
27327
27329
27331
27333
27335
27337
27339
27341
27343
27345
27347
27349
27351
27353
27355
27357
27359
27361
27363
27365
27367
27369
27371
27373
27375
27377
27379
27381
27383
27385
27387
27389
27391
27393
27395
27397
27399
27401
27403
27405
27407
27409
27411
27413
27415
27417
27419
27421
27423
27425
27427
27429
27431
27433
27435
27437
27439
27441
27443
27445
27447
27449
27451
27453
27455
27459
27465
27471
27477
27483
27489
27495
27501
27507
27513
27530
27532
27533
27535
27536
27538
27539
27540
27542
27544
27545
27547
27548
27550
27551
27553
27554
27556
27557
27559
27560
27562
27563
27565
27567
27569
27570
27573
27574
27576
27577
27579
27580
27582
27583
27585
27589
27591
27592
27594
27595
27597
27598
27600
27601
27603
27604
27606
27607
27609
27610
27612
27613
27615
27616
27618
27619
27621
27622
27624
27625
27627
27628
27630
27631
27633
27634
27636
27638
27640
27641
27643
27644
27646
27647
27649
27650
27652
27653
27655
27672
27673
27674
27675
27678
27679
27766
27767
27768
27769
27770
27771
27772
27773
27774
27775
27776
27777
27778
27779
27780
27782
27784
27786
27788
27790
27855
27856
27857
27858
27897
27902
27904
27905
27906
27911
27912
27913
27914
27915
27916
27917
27918
27919
27920
27921
27922
27923
27924
27925
27930
27931
27932
27933
27934
27935
27936
27951
27952
28073
28164
28197
28199
28201
28203
28205
28207
28209
28211
28213
28215
28231
28236
28237
28238
28262
28264
28266
28268
28270
28272
28274
28276
28278
28280
28282
28284
28286
28288
28290
28292
28294
28296
28298
28300
28302
28304
28306
28308
28324
28326
28328
28332
28334
28336
28351
28352
28353
28361
28362
28363
28364
28365
28366
28367
28374
28375
28377
28385
28387
28388
28389
28390
28391
28392
28393
28394
28395
28396
28397
28398
28399
28400
28401
28402
28403
28404
28405
28406
28407
28408
28409
28410
28411
28412
28413
28414
28415
28416
28417
28418
28419
28420
28421
28422
28423
28424
28425
28426
28427
28428
28429
28430
28431
28432
28433
28434
28435
28436
28437
28438
28439
28440
28441
28442
28443
28444
28511
28514
28516
28518
28520
28522
28524
28526
28528
28530
28532
28534
28536
28538
28540
28542
28544
28545
28547
28552
28554
28559
28561
28563
28565
28576
28578
28583
28584
28585
28606
28607
28609
28615
28646
28647
28652
28653
28654
28655
28656
28659
28661
28665
28667
28668
28670
28672
28674
28676
28678
28680
28682
28684
28686
28687
28688
28689
28690
28691
28692
28693
28694
28695
28696
28697
28698
28699
28700
28701
28702
28703
28704
28705
28706
28707
28708
28709
28710
28729
28731
28733
28735
28737
28739
28740
28742
28744
28746
28748
28750
28752
28754
28756
28758
28770
28772
28774
28776
28778
28780
28782
28784
28786
28788
28790
28791
28792
28793
28794
28795
28796
28797
28798
28799
28800
28801
28802
28803
28804
28805
28806
28807
28808
28809
28810
28811
28812
28813
28814
28815
28816
28817
28818
28840
28844
28846
28848
28850
28879
28880
28974
28999
29000
29001
29002
29003
29004
29005
29006
29007
29008
29009
29010
29011
29012
29013
29014
29015
29016
29029
29039
29040
29041
29042
29043
29044
29045
29046
29047
29048
29049
29050
29051
29052
29053
29054
29055
29056
29057
29058
29059
29060
29061
29062
29063
29064
29065
29066
29067
29068
29069
29070
29071
29072
29073
29074
29075
29076
29077
29078
29079
29080
29081
29082
29083
29084
29085
29086
29087
29088
29089
29090
29091
29092
29093
29094
29095
29096
29097
29098
29099
29100
29101
29102
29103
29104
29105
29106
29107
29108
29109
29110
29248
29249
29266
29336
29337
29340
29344
29613
29616
29618
29620
29622
29637
29640
29641
29642
29643
29644
29645
29659
29660
29661
29662
29663
29664
29984
29986
29988
29990
29992
29993
29994
29995
29996
29997
30002
30003
30008
30009
30013
30014
30018
30019
30021
30022
30024
30028
30029
30187
30221
30222
30248
30251
30252
30254
30258
30259
30268
30269
30270
30271
30303
30304
30305
30306
30307
30308
30309
30310
30311
30324
30325
30327
30328
30342
30344
30345
30346
30348
30349
30350
30351
30352
30368
30370
30371
30372
30373
30374
30375
30376
30377
30378
30389
30420
30422
30424
30464
30465
30466
30467
30470
30471
30474
30475
30476
30477
30478
30479
30486
30488
30532
30537
30538
30539
30540
30544
30545
30546
30547
30548
30549
30550
30551
30552
30553
30554
30558
30562
30582
30586
30588
30614
30615
30618
30628
30632
30633
30650
30651
30652
30653
30655
30656
30744
30745
30746
30747
30752
30753
30754
30788
30832
30834
30836
30839
30842
30987
30988
30993
30994
30997
30998
30999
31000
31001
31002
31003
31005
31007
31009
31010
31011
31012
31013
31014
31015
31017
31019
31021
31022
31023
31024
31025
31026
31027
31029
31031
31033
31034
31035
31036
31037
31038
31039
31041
31043
31045
31046
31047
31048
31049
31051
31053
31055
31056
31057
31059
31061
31063
31064
31065
31066
31067
31068
31069
31071
31073
31074
31075
31076
31077
31079
31081
31083
31084
31085
31086
31087
31088
31089
31091
31093
31105
31106
31107
31108
31109
31110
31111
31113
31115
31117
31118
31119
31120
31121
31122
31123
31125
31127
31129
31130
31131
31132
31133
31134
31135
31137
31139
31141
31142
31143
31144
31145
31146
31147
31149
31151
31153
31154
31155
31156
31157
31158
31159
31160
31161
31162
31163
31164
31165
31167
31169
31171
31173
31175
31177
31178
31179
31180
31181
31182
31183
31185
31187
31189
31190
31191
31192
31193
31194
31195
31197
31199
31201
31202
31203
31204
31205
31206
31207
31209
31211
31213
31214
31215
31216
31217
31218
31220
31222
31224
31226
31227
31228
31229
31230
31231
31232
31234
31236
31238
31239
31240
31241
31242
31243
31244
31246
31248
31250
31251
31252
31253
31254
31255
31256
31258
31260
31262
31263
31264
31265
31266
31267
31268
31270
31272
31274
31275
31276
31277
31278
31279
31280
31282
31284
31286
31287
31288
31289
31290
31291
31292
31294
31296
31298
31299
31300
31301
31302
31303
31304
31306
31308
31310
31311
31312
31313
31314
31315
31316
31318
31320
31322
31323
31324
31325
31326
31327
31328
31330
31332
31334
31335
31336
31337
31338
31339
31340
31342
31346
31347
31348
31349
31350
31351
31352
31354
31358
31359
31360
31361
31362
31363
31364
31366
31368
31370
31371
31372
31373
31374
31375
31376
31378
31380
31382
31383
31384
31385
31386
31387
31388
31390
31392
31394
31395
31396
31397
31398
31399
31400
31402
31404
31406
31407
31408
31409
31410
31411
31412
31414
31416
31418
31419
31420
31421
31422
31423
31424
31426
31428
31430
31431
31432
31433
31434
31436
31438
31440
31442
31443
31444
31445
31446
31447
31448
31450
31452
31454
31455
31456
31457
31458
31459
31460
31462
31464
31466
31467
31468
31469
31470
31471
31472
31474
31476
31478
31479
31480
31481
31482
31483
31484
31486
31488
31490
31491
31492
31493
31494
31495
31496
31498
31500
31502
31503
31504
31505
31506
31507
31508
31510
31512
31514
31515
31516
31517
31518
31519
31520
31522
31524
31526
31527
31528
31529
31530
31531
31532
31534
31536
31538
31539
31540
31541
31542
31543
31544
31546
31548
31550
31551
31552
31553
31554
31555
31556
31558
31560
31562
31563
31564
31565
31566
31567
31568
31570
31572
31574
31575
31576
31577
31578
31579
31580
31582
31584
31586
31587
31588
31589
31590
31591
31592
31594
31596
31598
31599
31600
31601
31602
31603
31604
31606
31608
31609
31610
31611
31612
31613
31614
31616
31618
31620
31621
31622
31623
31624
31625
31626
31628
31630
31632
31633
31634
31635
31636
31637
31638
31640
31642
31644
31645
31646
31647
31648
31649
31650
31652
31654
31656
31657
31658
31659
31660
31661
31662
31664
31666
31668
31669
31670
31671
31672
31673
31674
31676
31678
31680
31681
31682
31683
31684
31685
31686
31688
31690
31692
31693
31694
31695
31696
31697
31698
31700
31702
31704
31705
31706
31707
31708
31709
31710
31712
31714
31716
31717
31718
31719
31720
31721
31722
31724
31726
31728
31729
31730
31731
31732
31733
31734
31736
31738
31740
31741
31742
31743
31744
31745
31746
31748
31750
31752
31753
31754
31755
31756
31757
31758
31760
31762
31764
31765
31766
31767
31768
31769
31770
31772
31774
31776
31777
31778
31779
31780
31781
31782
31784
31786
31788
31789
31790
31791
31792
31793
31794
31796
31798
31800
31801
31802
31803
31804
31805
31810
31812
31814
31816
31817
31818
31819
31820
31821
31822
31824
31826
31864
31866
31868
31870
31872
31874
31876
31878
31880
31882
31884
31886
31888
31890
31892
31894
31896
31898
31900
31902
31904
31906
31908
31910
31916
31918
31922
31924
31926
31928
31930
31932
31936
31942
31944
31946
31948
31950
31952
31954
31955
31956
31957
31958
31959
31962
31963
31964
31965
31966
31967
31968
31969
31970
31971
31972
31973
31974
31975
31976
31977
31978
31979
31982
31990
31998
32006
32014
32025
32026
32027
32028
32029
32031
32033
32034
32035
32036
32037
32039
32041
32042
32043
32044
32045
32047
32049
32050
32051
32052
32053
32055
32057
32058
32059
32060
32061
32063
32069
32070
32071
32072
32073
32075
32081
32082
32083
32084
32085
32087
32089
32090
32091
32092
32093
32095
32099
32101
32102
32103
32104
32105
32107
32108
32109
32110
32111
32112
32113
32114
32115
32116
32117
32118
32119
32120
32121
32122
32123
32124
32125
32209
32226
32245
32246
32248
32254
32255
32260
32262
32305
32307
32309
32311
32325
32326
32339
32340
32341
32342
32343
32344
32345
32414
32422
32435
32436
32437
32438
32439
32440
32441
32442
32443
32444
32445
32458
32459
32772
32774
32780
32782
32783
32787
32788
32792
32793
32797
32809
32811
32817
32818
32819
32820
32822
32823
32824
32825
32826
32827
32828
32829
32830
32831
32832
32833
32834
32835
32836
32837
32838
32839
32853
32854
32855
32858
32859
32860
32861
32862
32863
32864
32865
32866
32867
32868
32869
32870
32871
32872
32873
32874
32875
32876
32877
32878
32879
32880
32881
32918
32919
32921
32923
32925
32927
32929
32931
32933
32935
32937
32939
32941
32943
32945
32947
32949
32951
32953
32955
32957
32982
32993
32994
32995
32999
33000
33001
33002
33003
33004
33005
33006
33007
33008
33009
33010
33011
33012
33015
33016
33017
33018
33019
33020
33021
33022
33023
33024
33025
33026
33027
33028
33029
33030
33031
33032
33033
33034
33035
33036
33037
33038
33039
33040
33041
33042
33043
33044
33045
33046
33047
33048
33049
33050
33051
33052
33053
33054
33055
33056
33057
33058
33059
33060
33061
33062
33063
33064
33065
33066
33076
33078
33079
33081
33083
33091
33092
33093
33094
33095
33096
33097
33098
33101
33103
33107
33109
33138
33139
33140
33141
33149
33150
33151
33153
33155
33157
33176
33177
33178
33179
33180
33181
33195
33197
33199
33201
33213
33214
33215
33217
33218
33219
33220
33221
33223
33224
33225
33226
33227
33228
33229
33230
33231
33232
33270
33271
33272
33277
33278
33279
33281
33282
33283
33285
33286
33287
33289
33290
33291
33293
33294
33295
33297
33298
33299
33301
33303
33304
33305
33307
33308
33309
33311
33312
33313
33329
33330
33332
33334
33336
33337
33338
33339
33340
33341
33342
33343
33359
33360
33361
33362
33363
33364
33365
33366
33373
33374
33377
33378
33379
33380
33381
33382
33383
33384
33385
33386
33387
33388
33389
33390
33391
33392
33393
33394
33399
33400
33401
33403
33404
33405
33406
33407
33440
33441
33442
33446
33448
33449
33450
33453
33454
33455
33456
33457
33458
33459
33462
33463
33465
33466
33467
33468
33470
33472
33474
33475
33476
33477
33482
33483
33484
33485
33487
33488
33513
33515
33516
33517
33518
33519
33520
33522
33525
33526
33527
33528
33529
33539
33549
33550
33551
33552
33555
33557
33559
33561
33563
33565
33569
33571
33572
33573
33575
33577
33578
33579
33581
33582
33583
33584
33585
33589
33590
33591
33592
33595
33597
33598
33599
33600
33601
33602
33603
33604
33605
33606
33607
33608
33610
33612
33618
33619
33620
33671
33672
33681
33697
33699
33700
33702
33704
33705
33706
33707
33708
33710
33712
33714
33715
33716
33717
33720
33721
33722
33726
33727
33728
33729
33731
33732
33733
33734
33735
33736
33739
33744
33745
33746
33754
33755
33756
33767
33768
33769
33770
33772
33773
33774
33775
33778
33779
33780
33782
33783
33784
33785
33786
33788
33789
33790
33792
33793
33794
33795
33798
33799
33800
33803
33804
33807
33808
33809
33812
33813
33816
33818
33820
33822
33823
33824
33826
33828
33830
33832
33834
33836
33838
33840
33842
33844
33846
33848
33850
33852
33856
33867
33890
33891
33892
33894
33895
33896
33898
33899
33900
33902
33903
33904
33915
33917
33918
33919
33920
33921
33922
33923
33924
33925
33926
33927
33928
33929
33930
33931
33932
33933
33934
33935
33936
33937
33938
33939
33940
33941
33942
33943
33944
33945
33946
33947
33948
33949
33950
33951
33952
33953
33954
33955
33956
33957
33958
33959
33960
33961
33962
33963
33964
33965
33966
33967
33968
33969
33970
33971
33972
33973
33974
33975
33976
33981
33983
33985
33988
34017
34018
34024
34025
34028
34031
34032
34033
34035
34038
34039
34042
34045
34046
34047
34048
34049
34050
34051
34056
34057
34059
34061
34062
34064
34065
34068
34070
34072
34073
34074
34080
34083
34086
34088
34089
34091
34094
34097
34099
34100
34102
34105
34108
34110
34111
34122
34124
34126
34132
34133
34151
34156
34157
34158
34159
34160
34162
34163
34164
34165
34166
34167
34168
34169
34170
34171
34172
34173
34175
34176
34177
34178
34179
34180
34181
34201
34202
34203
34204
34205
34206
34207
34208
34210
34211
34260
34264
34266
34267
34268
34269
34272
34274
34276
34278
34280
34282
34284
34286
34288
34290
34292
34294
34306
34307
34308
34309
34317
34327
34328
34329
34347
34348
34349
34350
34351
34353
34354
34355
34356
34357
34358
34359
34360
34361
34362
34363
34364
34365
34390
34393
34394
34396
34397
34412
34414
34416
34417
34418
34419
34420
34421
34422
34423
34424
34425
34426
34427
34428
34429
34430
34431
34432
34433
34434
34435
34436
34481
34483
34485
34487
34489
34496
34533
34556
34557
34558
34559
34560
34562
34575
34590
34593
34594
34595
34599
34600
34601
34602
34603
34604
34606
34607
34609
34610
34611
34612
34614
34615
34616
34617
34618
34620
34621
34623
34624
34625
34626
34627
34628
34629
34630
34631
34632
34633
34634
34635
34636
34637
34638
34639
34640
34641
34642
34643
34645
34646
34647
34648
34649
34650
34651
34652
34653
34654
34655
34656
34657
34658
34659
34660
34661
34662
34663
34664
34665
34666
34667
34668
34669
34670
34671
34672
34673
34674
34675
34676
34677
34678
34679
34680
34681
34682
34683
34684
34685
34686
34687
34688
34689
34690
34691
34692
34693
34694
34695
34696
34697
34698
34699
34700
34702
34703
34704
34706
34707
34708
34709
34710
34711
34712
34714
34715
34718
34719
34720
34721
34722
34723
34725
34726
34727
34728
34729
34730
34731
34732
34733
34734
34735
34736
34737
34738
34739
34740
34741
34742
34743
34744
34745
34746
34747
34748
34749
34750
34751
34752
34753
34754
34755
34756
34757
34758
34759
34760
34769
34770
34771
34772
34773
34774
34775
34776
34777
34778
34802
34808
34809
34810
34814
34817
34824
34825
34828
34841
34842
34843
34844
34845
34846
34847
34848
34849
34850
34851
34852
34853
34854
34855
34856
34857
34858
34859
34860
34861
34862
34863
34864
34865
34866
34867
34868
34869
35006
35038
35062
35074
35090
35150
35434
35586
35656
35657
35658
35659
35660
35661
35662
35680
35681
35682
35683
35685
35690
35695
35700
35705
35770
35771
35772
35774
35788
35789
35790
35791
35794
35795
35796
35797
35825
35826
35827
35832
35833
35877
35878
35881
35886
35891
35892
35894
35899
35921
35922
35923
35924
35925
35926
35928
35940
35941
35943
35945
35947
35949
35959
35962
35963
35965
36287
36288
36289
36290
36291
36292
36293
36294
36295
36296
36297
36298
36299
36300
36301
36304
36305
36306
36307
36309
36310
36311
36312
36313
36314
36315
36316
36319
36320
36322
36323
36325
36334
36335
36336
36337
36338
36339
36340
36341
36342
36343
36344
36345
36346
36347
36348
36349
36352
36353
36354
36355
36356
36357
36358
36359
36361
36362
36363
36364
36366
36375
36377
36378
36379
36380
36381
36382
36383
36384
36385
36386
36387
36388
36389
36390
36391
36392
36393
36394
36395
36396
36397
36398
36399
36400
36401
36402
36404
36405
36406
36407
36408
36411
36424
36425
36426
36427
36428
36429
36430
36431
36432
36433
36434
36435
36436
36437
36438
36441
36443
36444
36445
36446
36447
36448
36449
36450
36451
36454
36455
36456
36458
36480
36481
36482
36483
36484
36485
36486
36487
36488
36489
36490
36491
36493
36494
36495
36496
36497
36498
36499
36500
36501
36502
36503
36504
36505
36506
36507
36508
36509
36510
36511
36512
36513
36514
36515
36516
36522
36633
36634
36635
36636
36637
36638
36639
36640
36641
36642
36643
36644
36645
36646
36647
36648
36649
36650
36651
36652
36653
36654
36655
36656
36657
36658
36659
36660
36661
36662
36663
36664
36665
36666
36667
36668
36669
36670
36671
36672
36673
36674
36675
36676
36677
36678
36705
36706
36707
36708
36709
36710
36711
36712
36713
36714
36715
36716
36717
36718
36719
36720
36721
36722
36723
36724
36725
36726
36727
36728
36729
36730
36731
36732
36733
36734
36735
36736
36737
36738
36739
36740
36741
36742
36743
36744
36745
36746
36747
36748
36749
36750
36751
36752
36753
36754
36755
36756
36757
36758
36759
36760
36761
36762
36763
36764
36765
36766
36767
36768
36769
36770
36771
36772
36773
36774
36775
36776
36777
36778
36779
36780
36781
36782
36783
36784
36785
36786
36787
36788
36789
36790
36791
36792
36793
36794
36795
36796
36797
36798
36799
36800
36801
36802
36803
36804
36805
36806
36807
36808
36809
36810
36811
36812
36813
36814
36815
36816
36817
36818
36819
36820
36821
36822
36823
36824
36825
36826
36827
36828
36829
36830
36831
36832
36833
36834
36835
36836
36837
36838
36839
36840
36841
36842
36843
36844
36854
36902
36908
36909
36910
36911
36912
36913
36914
36915
36916
36946
36948
36953
36954
36955
36956
36957
36958
36966
36967
36971
36972
36973
37008
37020
37022
37023
37028
37029
37030
37032
37041
37043
37044
37045
37047
37048
37056
37060
37066
37080
37081
37083
37087
37135
37146
37147
37148
37149
37150
37151
37152
37153
37154
37155
37156
37157
37158
37159
37160
37161
37162
37163
37164
37166
37168
37170
37173
37174
37216
37217
37218
37219
37220
37221
37222
37223
37228
37229
37230
37231
37232
37233
37234
37235
37248
37250
37254
37256
37258
37260
37268
37272
37274
37280
37281
37282
37283
37284
37288
37289
37290
37291
37292
37293
37294
37295
37296
37297
37298
37299
37300
37301
37302
37303
37304
37305
37306
37307
37309
37310
37330
37332
37334
37338
37343
37346
37376
37378
37380
37382
37384
37390
37392
37394
37396
37410
37413
37417
37419
37421
37423
37431
37435
37437
37443
37445
37447
37450
37451
37452
37453
37454
37455
37456
37457
37458
37459
37460
37479
37480
37481
37482
37483
37484
37485
37486
37487
37488
37489
37490
37491
37492
37493
37494
37495
37496
37497
37498
37499
37500
37501
37502
37503
37504
37505
37506
37507
37508
37509
37510
37511
37512
37513
37514
37515
37516
37517
37518
37519
37520
37521
37522
37523
37524
37526
37527
37528
37529
37532
37541
37543
37544
37545
37546
37547
37548
37549
37550
37551
37552
37553
37554
37555
37556
37557
37558
37559
37560
37561
37562
37563
37564
37565
37566
37567
37568
37569
37570
37571
37572
37573
37574
37575
37576
37577
37578
37579
37580
37581
37582
37583
37584
37585
37586
37587
37588
37589
37590
37591
37592
37593
37594
37595
37599
37600
37601
37604
37605
37606
37607
37608
37610
37611
37612
37613
37615
37621
37622
37623
37624
37625
37626
37627
37628
37629
37630
37631
37796
37797
37798
37799
37805
37808
37809
37810
37816
37817
37818
37820
37821
37822
37823
37824
37825
37833
37834
37835
37836
37843
37844
37846
37847
37848
37849
37850
37851
37852
37853
37855
37856
37857
37858
37859
37860
37863
37864
37865
37866
37867
37868
37869
37874
37875
37877
37878
37879
37880
37881
37882
37883
37884
37885
37886
37887
37888
37889
37892
37893
37894
37895
37896
37965
37966
37967
38660
39584
39585
40307
40308
40309
40310
40319
40320
40321
40322
40323
40324
40325
40326
40328
40330
40331
40332
40333
40334
40335
40336
40337
40338
40345
40346
40347
40348
40349
40350
40351
40354
40355
40356
40357
40358
40359
40360
40361
40362
40363
40364
40365
40456
40467
40468
40469
40470
40471
40472
40473
40474
40475
40476
40477
40478
40479
40480
40481
40482
40484
40485
40486
40487
40488
40489
40490
40491
40492
40493
40495
40496
40497
40498
40499
40500
40501
40502
40503
40504
40505
40506
40507
40508
40509
40510
40511
40514
40515
40519
40520
40522
40523
40524
40525
40526
40527
40552
40553
40554
40555
40556
40557
40558
40559
40560
40561
40562
40563
40564
40565
40566
40567
40568
40569
40570
40571
40572
40573
40580
40581
40582
40583
40584
40585
40586
40587
40588
40589
40590
40591
40593
40594
40595
40596
40597
40598
40600
40601
40602
40603
40604
40605
40606
40607
40608
40609
40610
40611
40612
40614
40615
40616
40617
40618
40619
40620
40621
40622
40623
40624
40625
40626
40631
40632
40633
40634
40635
40636
40659
40660
40661
40662
40663
40664
40665
40666
40667
40668
40669
40670
40672
40673
40674
40684
40685
40686
40690
40691
40692
40693
40694
40695
40696
40697
40698
40699
40701
40714
40715
40716
40717
40718
40719
40720
40721
40730
40731
40732
40733
40734
40740
40741
40742
40743
40750
40751
40752
40753
40754
40755
40756
40757
40758
40770
40771
40772
40774
41030
41031
41032
41033
41034
41036
41038
41040
41043
41044
41045
41046
41047
41048
41049
41050
41051
41052
41053
41054
41055
41056
41057
41058
41059
41061
41062
41063
41064
41065
41066
41067
41068
41069
41070
41071
41072
41076
41077
41078
41079
41080
41081
41082
41083
41085
41086
41087
41088
41089
41092
41093
41094
41095
41096
41099
41100
41101
41102
41103
41104
41105
41106
41107
41108
41114
41115
41116
41117
41118
41119
41120
41121
41122
41123
41126
41127
41128
41129
41132
41133
41134
41135
41139
41140
41141
41142
41143
41144
41146
41148
41150
41151
41152
41153
41154
41155
41156
41158
41159
41160
41161
41162
41163
41165
41168
41169
41170
41171
41174
41175
41176
41177
41178
41180
41181
41182
41183
41184
41191
41192
41193
41194
41195
41196
41197
41198
41199
41200
41201
41202
41203
41204
41205
41206
41207
41208
41210
41211
41212
41214
41215
41217
41218
41220
41221
41223
41224
41225
41226
41227
41230
41236
41237
41238
41239
41240
41241
41242
41243
41244
41249
41250
41251
41252
41253
41254
41255
41256
41257
41258
41263
41264
41265
41266
41267
41268
41269
41270
41271
41272
41273
41274
41275
41276
41277
41286
41287
41290
41291
41294
41295
41298
41299
41302
41303
41304
41305
41306
41307
41308
41309
41310
41311
41312
41313
41314
41316
41318
41320
41322
41324
41326
41328
41330
41332
41334
41336
41355
41361
41363
41365
41367
41369
41371
41373
41376
41379
41382
41385
41388
41390
41391
41392
41393
41394
41403
41404
41405
41406
41407
41408
41409
41410
41411
41412
41413
41414
41415
41417
41419
41420
41421
41422
41423
41424
41425
41426
41427
41428
41429
41431
41433
41435
41437
41438
41439
41440
41441
41442
41443
41444
41445
41446
41447
41448
41449
41450
41451
41452
41456
41457
41458
41459
41460
41461
41462
41463
41464
41465
41466
41467
41468
41469
41470
41471
41472
41473
41474
41475
41476
41477
41478
41479
41480
41481
41482
41483
41484
41485
41486
41487
41488
41489
41490
41491
41492
41493
41494
41495
41498
41499
41500
41501
41502
41503
41504
41505
41506
41507
41508
41509
41510
41511
41512
41513
41514
41515
41516
41517
41518
41519
41520
41521
41522
41523
41524
41525
41526
41527
41528
41529
41530
41531
41532
41533
41534
41537
41565
41566
41575
41576
41579
41580
41582
41583
41584
41585
41586
41587
41588
41590
41591
41592
41593
41594
41595
41596
41597
41598
41599
41600
41601
41607
41608
41609
41614
41615
41621
41622
41624
41627
41628
41629
41632
41633
41639
41640
41644
41645
41657
41662
41666
41667
41668
41680
41681
41682
41683
41684
41685
41687
41697
41698
42145
42146
42147
42148
42149
42150
42151
42152
42153
42154
42155
42156
42157
42158
42159
42160
42161
42162
42163
42164
42165
42166
42167
42168
42169
42170
42171
42172
42173
42174
42175
42177
42178
42179
42180
42181
42182
42183
42184
42185
42186
42187
42188
42189
42190
42191
42192
42193
42194
42195
42196
42197
42198
42199
42200
42201
42202
42203
42204
42205
42206
42207
42208
42209
42210
42211
42212
42213
42214
42215
42226
42229
42230
42231
42244
42522
42526
42527
42528
42529
42530
42543
42544
42545
42546
42547
42548
42549
42550
42551
42552
42553
42554
42555
42556
42557
42558
42559
42560
42561
42562
42563
42564
42565
42566
42567
42568
42569
42570
42571
42572
42573
42574
42576
42577
42578
42579
42580
42581
42582
42583
42584
42585
42586
42587
42588
42589
42590
42591
42592
42593
42594
42595
42596
42597
42598
42599
42600
42614
42617
42618
42619
42620
42621
42622
42644
42645
42646
42647
42648
42649
42651
42652
42653
42674
42675
42676
42677
42678
42679
42681
42685
42694
42695
42696
42698
42699
42700
42701
42702
42703
42704
42705
42706
42707
42708
42709
42712
42717
42718
42721
42726
42729
42732
42733
42736
42738
42739
42740
42741
42744
42746
42747
42748
42749
42750
42751
42752
42753
42754
42755
42756
42757
42758
42759
42760
42761
42762
42763
42764
42765
42766
42767
42768
42769
42770
42771
42772
42773
42774
42775
42776
42777
42778
42779
42780
42781
42782
42783
42784
42785
42786
42787
42788
42789
42790
42791
42792
42793
42794
42795
42796
42797
42798
42799
42800
42829
42830
42831
42832
42833
42834
42835
42836
42837
42838
42839
42840
42874
42875
42876
42877
42878
42879
42880
42881
42882
42883
42884
42885
42886
42887
42888
42889
42890
42905
42906
42907
42908
42909
43483
43485
43486
43500
43502
43503
43510
43511
43515
43516
43517
43520
43521
43522
43523
43530
43544
43545
43546
43547
43548
43551
43552
43554
43555
43556
43658
43659
43660
43661
43662
43663
43664
43665
43666
43667
43668
43669
43670
43671
43672
43673
43674
43675
43676
43681
43682
43683
43684
43685
43686
43687
43688
43689
43691
43692
43693
43694
43695
43696
43697
43698
43699
43700
43701
43702
43703
43707
43709
43712
43714
43716
43718
43719
43720
43722
43724
43725
43726
43728
43729
43732
43733
43734
43749
43750
43751
43752
43753
43754
43755
43756
43757
43758
43759
43760
43761
43762
43763
43764
43765
43766
43767
43768
43769
43770
43771
43772
43773
43774
43775
43776
43777
43778
43779
43780
43781
43782
43783
43784
43785
43786
43787
43788
43789
43790
43791
43792
43793
43794
43795
43796
43797
43798
43799
43800
43801
43802
43803
43804
43805
43806
43807
43808
43809
43810
43811
43812
43813
43814
43815
43816
43817
43818
43819
43820
43821
43822
43823
43824
43825
43826
43827
43828
43829
43830
43831
43832
43833
43834
43835
43836
43837
43838
43839
43840
43841
43842
43843
43844
43845
43846
43847
43848
43849
43850
43851
43852
43853
43854
43855
43856
43857
43858
43859
43860
43861
43862
43863
43864
43865
43866
43867
43868
43869
43870
43871
43872
43873
43874
43875
43876
43877
43878
43879
43880
43881
43882
43883
43884
43885
43886
43887
43888
43889
43890
43891
43892
43893
43894
43896
43898
43900
43902
43904
43906
43908
43910
43911
43919
43920
43921
43925
43926
43927
43928
43929
43930
43931
43932
43933
43935
44002
44004
44006
44008
44010
44012
44014
44016
44018
44020
44022
44024
44026
44028
44030
44032
44034
44036
44038
44040
44042
44044
44046
44048
44050
44052
44054
44056
44058
44060
44062
44064
44067
44074
44076
44078
44080
44082
44084
44086
44088
44090
44092
44094
44096
44101
44102
44103
44109
44110
44111
44112
44113
44114
44120
44121
44122
44123
44124
44125
44127
44134
44135
44136
44137
44138
44139
44140
44141
44142
44143
44144
44145
44146
44147
44148
44149
44150
44151
44152
44153
44154
44155
44156
44157
44158
44159
44160
44161
44162
44163
44164
44165
44166
44167
44168
44169
44170
44171
44172
44173
44174
44175
44176
44177
44178
44179
44180
44181
44182
44183
44184
44185
44186
44205
44206
44207
44208
44209
44210
44211
44212
44213
44214
44215
44216
44218
44219
44220
44254
44255
44256
44257
44258
44259
44265
44280
44888
44889
44890
44891
44892
44893
44894
44895
44896
44897
44898
44899
44900
44901
44902
44905
44906
44907
44908
44909
44910
44911
44912
44913
44914
44915
44916
44917
44918
44919
44923
44924
44925
44926
44927
44929
44930
44931
44932
44933
44936
44937
44938
44939
44940
44941
44942
44943
44944
44945
44946
44947
44948
44949
44950
44951
44992
44993
44995
45010
45011
45012
45013
45014
45015
45018
45019
45020
45021
45022
45023
45024
45025
45026
45027
45060
45061
45062
45480
45481
45482
45483
45484
45485
45505
45507
45508
45509
45514
45523
45544
45546
45550
45553
45554
45555
45556
45557
45558
45559
45566
45567
45569
45570
45572
45573
45574
45582
45584
45585
45586
45587
45588
45589
45590
45591
45592
45593
45594
45595
45596
45597
45598
45599
45600
45601
45602
45603
45604
45605
45606
45607
45608
45609
45610
45611
45612
45613
45614
45615
45616
45617
45618
45619
45620
45621
45622
45623
45624
45625
45626
45627
45628
45629
45630
45631
45632
45633
45635
45640
45641
45652
45653
45654
45655
45656
45657
45658
45659
45660
45661
45662
45663
45664
45665
45666
45667
45668
45734
45735
45737
45738
45739
45740
45741
45742
45743
45744
45745
45751
45752
45753
45754
45755
45756
45757
45758
45759
45760
45761
45762
45763
45764
45765
45766
45767
45768
45769
45770
45771
45772
45773
45774
45775
45776
45777
45778
45779
45780
45781
45782
45783
45785
45786
45787
45788
45789
45790
45791
45792
45793
45794
45795
45796
45797
45798
45799
45800
45801
45802
45803
45804
45805
45806
45807
45808
45809
45810
45811
45812
45813
45814
45815
45816
45817
45818
45819
45820
45821
45822
45823
45824
45825
45826
45827
45828
45829
45830
45831
45832
45833
45834
45835
45836
45837
45838
45839
45840
45841
45842
45844
45845
45846
45847
45848
45849
45850
45851
45852
45853
45854
45855
45856
45857
45858
45859
45860
45861
45862
45863
45864
45865
45866
45867
45868
45869
45870
45871
45872
45873
45874
45875
45876
45877
45878
45879
45880
45881
45882
45883
45884
45885
45886
45887
45888
45889
45890
45891
45892
45893
45894
45895
45896
45897
45898
45899
45900
45901
45903
45904
45905
45906
45907
45908
45909
45910
45911
45912
45913
45914
45915
45916
45917
45918
45919
45920
45921
45922
45923
45924
45925
45926
45927
45928
45929
45930
45931
45932
45933
45934
45935
45936
45937
45938
45939
45940
45941
45942
45943
45944
45945
45946
45947
45948
45949
45950
45951
45952
45953
45954
45955
45956
45957
45958
45959
45960
45961
45962
45963
45965
45966
45967
45968
45969
45970
45971
45972
45973
45974
45975
45976
45977
45978
45979
45980
45981
45982
45983
45984
45985
45986
45987
45988
45989
45990
45991
45992
45996
45997
46001
46002
46003
46004
46005
46006
46014
46015
46016
46017
46018
46019
46020
46021
46022
46024
46025
46026
46038
46039
46040
46041
46042
46043
46044
46045
46050
46051
46089
46090
46092
46094
46096
46098
46100
46101
46103
46105
46106
46107
46108
46109
46110
46111
46114
46117
46119
46120
46121
46122
46123
46124
46125
46126
46127
46128
46129
46130
46131
46133
46134
46136
46137
46138
46143
46146
46147
46148
46149
46151
46270
46276
46277
